40
40
7 7 7 7 7 7 7 7 7 7 7 7 7 7 7 7 7 7 7 7 7 7 7 7 7 7 7 7 7 7 7 7 7 7 7 7 7 7 7 7 
7 7 7 7 3 1 7 7 7 7 7 7 7 7 7 7 7 7 7 7 7 7 7 7 7 7 7 7 7 7 7 7 7 7 7 7 7 7 7 7 
7 7 2 1 1 2 1 1 7 7 2 1 2 7 7 7 7 7 7 7 7 1 1 1 1 7 7 7 7 7 7 1 1 1 1 1 1 7 7 7 
7 7 1 1 2 1 1 3 1 1 1 9 9 9 7 7 7 7 7 7 1 1 3 2 1 1 7 7 7 7 1 3 1 2 1 2 1 1 7 7 
7 7 1 6 3 1 1 1 1 3 9 9 9 9 7 7 7 7 7 1 2 6 1 1 1 1 1 9 9 1 1 3 1 1 6 3 1 1 7 7 
7 7 2 1 1 1 2 1 2 2 9 9 9 9 7 7 7 7 7 1 1 1 1 1 1 2 1 9 9 1 1 1 3 1 2 1 1 7 7 7 
7 7 7 3 1 7 7 7 7 2 9 9 9 7 7 7 7 7 1 1 3 3 1 7 7 1 1 9 9 9 1 1 2 1 1 1 7 7 7 7 
7 7 7 7 7 7 7 7 7 7 9 9 9 7 7 7 7 7 1 1 7 7 7 7 7 7 7 9 9 9 7 7 7 7 7 7 7 7 7 7 
7 7 7 7 7 7 7 7 7 7 9 9 9 7 7 7 7 7 1 1 7 7 7 7 7 7 7 9 9 9 7 7 7 7 7 7 7 7 7 7 
7 7 7 7 7 7 7 7 7 1 3 9 9 1 6 7 7 7 1 3 7 7 7 7 7 7 9 9 9 9 7 7 7 7 7 7 7 7 7 7 
7 7 7 1 1 1 1 7 7 1 1 9 9 9 1 7 7 1 1 1 1 7 7 7 7 9 9 9 9 9 7 7 7 7 1 1 7 7 7 7 
7 7 1 1 3 1 1 7 7 1 9 9 9 9 2 7 7 1 2 1 1 1 7 7 7 9 9 9 9 7 7 7 7 1 3 1 1 7 7 7 
7 7 1 3 5 3 1 1 1 1 9 9 9 9 1 1 1 1 1 2 1 2 7 7 7 9 9 7 7 7 7 7 7 1 2 1 6 3 7 7 
7 7 1 1 3 1 1 7 7 1 9 9 9 1 3 1 3 1 3 1 6 1 7 7 7 3 1 7 7 1 1 3 1 1 2 1 1 1 7 7 
7 7 7 1 1 1 1 7 7 3 1 9 9 2 1 7 7 2 1 1 1 7 7 7 7 6 2 1 7 1 7 7 7 1 1 1 1 7 7 7 
7 7 7 7 1 7 7 7 7 7 7 7 7 7 2 7 7 7 7 7 7 7 7 7 7 7 7 1 7 2 7 7 7 7 7 1 2 7 7 7 
7 7 7 7 1 7 7 7 7 7 7 7 7 7 1 7 7 7 7 7 7 7 7 7 7 7 7 1 7 1 7 7 7 7 7 1 1 7 7 7 
7 7 7 7 8 7 7 7 7 7 7 1 1 2 1 7 7 1 1 1 1 1 1 7 7 2 3 1 7 1 7 7 7 7 7 3 1 7 7 7 
7 7 2 3 1 7 7 7 7 7 1 3 7 7 7 7 7 1 1 3 1 2 1 7 7 8 7 7 7 2 1 7 7 7 7 1 1 7 7 7 
7 7 1 7 7 7 7 7 7 1 1 7 7 7 7 7 7 1 2 1 1 3 1 7 7 3 1 2 7 7 1 7 7 7 7 7 1 7 7 7 
7 7 3 2 1 2 1 3 1 2 1 7 7 7 6 1 8 1 1 2 6 2 1 7 7 1 7 1 3 1 6 7 7 7 7 7 2 7 7 7 
7 7 7 7 7 7 7 7 7 1 1 1 7 7 7 7 7 1 3 2 1 1 3 7 7 2 7 7 7 7 7 7 7 7 7 7 1 7 7 7 
7 7 7 7 7 7 7 7 7 7 3 1 7 7 7 7 7 3 1 1 1 1 1 7 7 1 1 3 1 3 1 7 7 7 7 7 3 7 7 7 
7 7 7 7 7 7 7 7 7 7 7 1 7 7 7 7 7 7 7 1 1 7 7 7 7 7 7 7 7 7 1 7 7 7 7 7 1 7 7 7
7 7 7 7 7 7 7 7 7 7 7 8 7 7 7 7 7 7 7 1 1 7 7 7 7 7 7 7 7 7 1 7 7 7 7 7 1 7 7 7 
7 7 7 7 7 7 7 7 7 7 7 1 9 7 7 7 7 7 1 1 1 7 7 7 7 7 7 3 1 1 1 7 7 7 7 7 1 3 1 7 
7 7 7 1 3 7 7 7 7 1 2 1 9 9 7 7 7 7 1 2 1 3 7 7 7 7 1 1 2 1 1 7 7 7 7 7 3 4 3 7 
7 7 1 1 1 2 1 1 1 1 3 9 9 9 9 7 7 7 1 3 1 2 7 7 7 2 1 3 6 1 1 3 1 3 7 7 7 3 7 7
7 7 1 2 6 2 3 1 1 1 9 9 9 9 1 7 7 1 2 6 3 2 7 7 7 1 1 2 1 3 1 1 2 1 2 7 7 7 7 7
7 7 7 1 1 1 1 7 7 7 9 9 9 3 1 1 1 3 1 1 1 1 7 7 7 3 1 1 2 1 7 7 7 3 1 9 9 9 9 7 
7 7 7 3 1 2 1 7 7 7 7 9 9 7 7 7 7 1 7 7 7 1 1 1 1 1 3 1 1 7 7 7 7 1 9 9 9 9 9 7 
7 7 7 2 1 7 7 7 7 7 7 7 7 7 7 7 7 1 7 7 7 7 7 7 7 7 7 7 7 7 7 7 7 7 7 9 9 9 9 7
7 7 7 1 1 7 7 7 7 7 7 7 7 7 7 7 7 1 7 7 7 1 7 7 7 7 7 7 7 7 7 7 7 7 7 9 9 9 9 7 
7 7 7 1 1 7 7 7 7 7 7 7 7 7 1 1 1 3 7 7 7 1 1 1 1 3 1 7 7 1 1 1 1 7 9 9 9 9 9 7
7 7 1 3 1 7 7 7 7 7 7 3 1 1 2 7 7 7 7 7 7 1 3 1 1 1 2 1 7 1 7 7 1 7 9 9 9 9 9 7
7 7 2 1 1 7 7 7 7 7 7 2 7 7 7 7 7 7 7 7 1 2 1 3 1 3 6 3 1 1 7 7 1 1 9 9 9 9 9 7
7 7 1 1 2 1 7 7 7 7 7 8 7 7 7 7 7 7 7 7 1 1 1 1 2 1 2 1 1 7 7 7 7 7 7 9 9 9 7 7 
7 7 7 1 3 1 1 1 1 1 2 1 7 7 7 7 7 7 7 7 7 3 1 1 3 1 2 1 7 7 7 7 7 7 7 1 1 1 7 7 
7 7 7 7 1 2 7 7 7 7 7 7 7 7 7 7 7 7 7 7 7 7 7 7 7 1 1 7 7 7 7 7 7 7 7 7 6 7 7 7 
7 7 7 7 7 7 7 7 7 7 7 7 7 7 7 7 7 7 7 7 7 7 7 7 7 7 7 7 7 7 7 7 7 7 7 7 7 7 7 7 
