40
40
7 7 7 7 7 7 7 7 7 7 7 7 7 7 7 7 7 7 7 7 7 7 7 7 7 7 7 7 7 7 7 7 7 7 7 7 7 7 7 7 
7 7 7 7 3 9 7 7 7 7 7 7 7 7 7 7 7 7 7 7 7 7 7 7 7 7 7 7 7 7 7 7 7 7 7 7 7 7 7 7 
7 7 2 9 9 2 9 9 7 7 2 9 2 7 7 7 7 7 7 7 7 9 9 9 9 7 7 7 7 7 7 9 9 9 9 9 9 7 7 7 
7 7 9 9 2 9 9 3 9 9 9 9 9 9 7 7 7 7 7 7 9 9 3 2 9 9 7 7 7 7 9 3 9 2 9 2 9 9 7 7 
7 7 9 6 3 9 9 9 9 3 9 9 9 9 7 7 7 7 7 9 2 6 9 9 9 9 9 9 9 9 9 3 9 9 6 3 9 9 7 7 
7 7 2 9 9 9 2 9 2 2 9 9 9 9 7 7 7 7 7 9 9 9 9 9 9 2 9 9 9 9 9 9 3 9 2 9 9 7 7 7 
7 7 7 3 9 7 7 7 7 2 9 9 9 7 7 7 7 7 9 9 3 3 9 7 7 9 9 9 9 9 9 9 2 9 9 9 7 7 7 7 
7 7 7 7 7 7 7 7 7 7 9 9 9 7 7 7 7 7 9 9 7 7 7 7 7 7 7 9 9 9 7 7 7 7 7 7 7 7 7 7 
7 7 7 7 7 7 7 7 7 7 9 9 9 7 7 7 7 7 9 9 7 7 7 7 7 7 7 9 9 9 7 7 7 7 7 7 7 7 7 7 
7 7 7 7 7 7 7 7 7 9 3 9 9 9 6 7 7 7 9 3 7 7 7 7 7 7 9 9 9 9 7 7 7 7 7 7 7 7 7 7 
7 7 7 9 9 9 9 7 7 9 9 9 9 9 9 7 7 9 9 9 9 7 7 7 7 9 9 9 9 9 7 7 7 7 9 9 7 7 7 7 
7 7 9 9 3 9 9 7 7 9 9 9 9 9 2 7 7 9 2 9 9 9 7 7 7 9 9 9 9 7 7 7 7 9 3 9 9 7 7 7 
7 7 9 3 5 3 9 9 9 9 9 9 9 9 9 9 9 9 9 2 9 2 7 7 7 9 9 7 7 7 7 7 7 9 2 9 6 3 7 7 
7 7 9 9 3 9 9 7 7 9 9 9 9 9 3 9 3 9 3 9 6 9 7 7 7 3 9 7 7 9 9 3 9 9 2 9 9 9 7 7 
7 7 7 9 9 9 9 7 7 3 9 9 9 2 9 7 7 2 9 9 9 7 7 7 7 6 2 9 7 9 7 7 7 9 9 9 9 7 7 7 
7 7 7 7 9 7 7 7 7 7 7 7 7 7 2 7 7 7 7 7 7 7 7 7 7 7 7 9 7 2 7 7 7 7 7 9 2 7 7 7 
7 7 7 7 9 7 7 7 7 7 7 7 7 7 9 7 7 7 7 7 7 7 7 7 7 7 7 9 7 9 7 7 7 7 7 9 9 7 7 7 
7 7 7 7 8 7 7 7 7 7 7 9 9 2 9 7 7 9 9 9 9 9 9 7 7 2 3 9 7 9 7 7 7 7 7 3 9 7 7 7 
7 7 2 3 9 7 7 7 7 7 9 3 7 7 7 7 7 9 9 3 9 2 9 7 7 8 7 7 7 2 9 7 7 7 7 9 9 7 7 7 
7 7 9 7 7 7 7 7 7 9 9 7 7 7 7 7 7 9 2 9 9 3 9 7 7 3 9 2 7 7 9 7 7 7 7 7 9 7 7 7 
7 7 3 2 9 2 9 3 9 2 9 7 7 7 6 9 8 9 9 2 6 2 9 7 7 9 7 9 3 9 6 7 7 7 7 7 2 7 7 7 
7 7 7 7 7 7 7 7 7 9 9 9 7 7 7 7 7 9 3 2 9 9 3 7 7 2 7 7 7 7 7 7 7 7 7 7 9 7 7 7 
7 7 7 7 7 7 7 7 7 7 3 9 7 7 7 7 7 3 9 9 9 9 9 7 7 9 9 3 9 3 9 7 7 7 7 7 3 7 7 7 
7 7 7 7 7 7 7 7 7 7 7 9 7 7 7 7 7 7 7 9 9 7 7 7 7 7 7 7 7 7 9 7 7 7 7 7 9 7 7 7
7 7 7 7 7 7 7 7 7 7 7 8 7 7 7 7 7 7 7 9 9 7 7 7 7 7 7 7 7 7 9 7 7 7 7 7 9 7 7 7 
7 7 7 7 7 7 7 7 7 7 7 9 9 7 7 7 7 7 9 9 9 7 7 7 7 7 7 3 9 9 9 7 7 7 7 7 9 3 9 7 
7 7 7 9 3 7 7 7 7 9 2 9 9 9 7 7 7 7 9 2 9 3 7 7 7 7 9 9 2 9 9 7 7 7 7 7 3 4 3 7 
7 7 9 9 9 2 9 9 9 9 3 9 9 9 9 7 7 7 9 3 9 2 7 7 7 2 9 3 6 9 9 3 9 3 7 7 7 3 7 7
7 7 9 2 6 2 3 9 9 9 9 9 9 9 9 7 7 9 2 6 3 2 7 7 7 9 9 2 9 3 9 9 2 9 2 7 7 7 7 7
7 7 7 9 9 9 9 7 7 7 9 9 9 3 9 9 9 3 9 9 9 9 7 7 7 3 9 9 2 9 7 7 7 3 9 9 9 9 9 7 
7 7 7 3 9 2 9 7 7 7 7 9 9 7 7 7 7 9 7 7 7 9 9 9 9 9 3 9 9 7 7 7 7 9 9 9 9 9 9 7 
7 7 7 2 9 7 7 7 7 7 7 7 7 7 7 7 7 9 7 7 7 7 7 7 7 7 7 7 7 7 7 7 7 7 7 9 9 9 9 7
7 7 7 9 9 7 7 7 7 7 7 7 7 7 7 7 7 9 7 7 7 9 7 7 7 7 7 7 7 7 7 7 7 7 7 9 9 9 9 7 
7 7 7 9 9 7 7 7 7 7 7 7 7 7 9 9 9 3 7 7 7 9 9 9 9 3 9 7 7 9 9 9 9 7 9 9 9 9 9 7
7 7 9 3 9 7 7 7 7 7 7 3 9 9 2 7 7 7 7 7 7 9 3 9 9 9 2 9 7 9 7 7 9 7 9 9 9 9 9 7
7 7 2 9 9 7 7 7 7 7 7 2 7 7 7 7 7 7 7 7 9 2 9 3 9 3 6 3 9 9 7 7 9 9 9 9 9 9 9 7
7 7 9 9 2 9 7 7 7 7 7 8 7 7 7 7 7 7 7 7 9 9 9 9 2 9 2 9 9 7 7 7 7 7 7 9 9 9 7 7 
7 7 7 9 3 9 9 9 9 9 2 9 7 7 7 7 7 7 7 7 7 3 9 9 3 9 2 9 7 7 7 7 7 7 7 9 9 9 7 7 
7 7 7 7 9 2 7 7 7 7 7 7 7 7 7 7 7 7 7 7 7 7 7 7 7 9 9 7 7 7 7 7 7 7 7 7 6 7 7 7 
7 7 7 7 7 7 7 7 7 7 7 7 7 7 7 7 7 7 7 7 7 7 7 7 7 7 7 7 7 7 7 7 7 7 7 7 7 7 7 7